(kicad_pcb (version 20171130) (host pcbnew "(5.1.5-0-10_14)")

  (general
    (thickness 1.2)
    (drawings 23)
    (tracks 1603)
    (zones 0)
    (modules 98)
    (nets 189)
  )

  (page A4)
  (title_block
    (title "Ferk-Cart iCE40 Devboard")
    (date 2020-06-29)
    (rev r0.1)
    (comment 1 "Designed by: Nelson Gauthier")
    (comment 2 "Licensed under CERN OHL v.1.2")
  )

  (layers
    (0 F.Cu signal)
    (1 "In1(GND).Cu" power hide)
    (2 "In2(PWR).Cu" power)
    (31 B.Cu signal)
    (32 B.Adhes user hide)
    (33 F.Adhes user hide)
    (34 B.Paste user hide)
    (35 F.Paste user hide)
    (36 B.SilkS user hide)
    (37 F.SilkS user hide)
    (38 B.Mask user hide)
    (39 F.Mask user hide)
    (40 Dwgs.User user hide)
    (41 Cmts.User user hide)
    (42 Eco1.User user hide)
    (43 Eco2.User user hide)
    (44 Edge.Cuts user)
    (45 Margin user hide)
    (46 B.CrtYd user)
    (47 F.CrtYd user)
    (48 B.Fab user hide)
    (49 F.Fab user hide)
  )

  (setup
    (last_trace_width 0.1524)
    (user_trace_width 0.1524)
    (user_trace_width 0.254)
    (user_trace_width 0.508)
    (user_trace_width 1.016)
    (trace_clearance 0.1524)
    (zone_clearance 0.15)
    (zone_45_only yes)
    (trace_min 0.1524)
    (via_size 0.6)
    (via_drill 0.3)
    (via_min_size 0.45)
    (via_min_drill 0.2)
    (user_via 0.45 0.3)
    (user_via 0.6 0.3)
    (uvia_size 0.3)
    (uvia_drill 0.1)
    (uvias_allowed no)
    (uvia_min_size 0.2)
    (uvia_min_drill 0.1)
    (edge_width 0.05)
    (segment_width 0.2)
    (pcb_text_width 0.3)
    (pcb_text_size 1.5 1.5)
    (mod_edge_width 0.12)
    (mod_text_size 1 1)
    (mod_text_width 0.15)
    (pad_size 1.7 1.7)
    (pad_drill 1)
    (pad_to_mask_clearance 0.05)
    (solder_mask_min_width 0.25)
    (aux_axis_origin 0 0)
    (visible_elements FFFFF73F)
    (pcbplotparams
      (layerselection 0x010fc_ffffffff)
      (usegerberextensions false)
      (usegerberattributes false)
      (usegerberadvancedattributes false)
      (creategerberjobfile false)
      (excludeedgelayer true)
      (linewidth 0.100000)
      (plotframeref false)
      (viasonmask false)
      (mode 1)
      (useauxorigin false)
      (hpglpennumber 1)
      (hpglpenspeed 20)
      (hpglpendiameter 15.000000)
      (psnegative false)
      (psa4output false)
      (plotreference true)
      (plotvalue true)
      (plotinvisibletext false)
      (padsonsilk false)
      (subtractmaskfromsilk false)
      (outputformat 1)
      (mirror false)
      (drillshape 1)
      (scaleselection 1)
      (outputdirectory ""))
  )

  (net 0 "")
  (net 1 "Net-(U1-Pad133)")
  (net 2 "Net-(U1-Pad109)")
  (net 3 "Net-(U1-Pad85)")
  (net 4 "Net-(U1-Pad77)")
  (net 5 "Net-(U1-Pad64)")
  (net 6 "Net-(U1-Pad63)")
  (net 7 "Net-(U1-Pad58)")
  (net 8 "Net-(U1-Pad51)")
  (net 9 "Net-(U1-Pad50)")
  (net 10 "Net-(U1-Pad45)")
  (net 11 "Net-(U1-Pad44)")
  (net 12 "Net-(U1-Pad36)")
  (net 13 "Net-(U1-Pad35)")
  (net 14 GND)
  (net 15 SD_DAT0)
  (net 16 SD_CLK)
  (net 17 SD_CMD)
  (net 18 SD_DAT3)
  (net 19 SD_DAT2)
  (net 20 SD_DAT1)
  (net 21 FPGA_CDONE)
  (net 22 FPGA_CRESETn)
  (net 23 CONFIG_MISO|IO1)
  (net 24 CONFIG_MOSI|IO0)
  (net 25 CONFIG_SCK)
  (net 26 CONFIG_SSn)
  (net 27 FLASH_IO3)
  (net 28 FLASH_IO2)
  (net 29 FLASH_MISO|IO1)
  (net 30 FLASH_MOSI|IO0)
  (net 31 FLASH_SCK)
  (net 32 FLASH_SSn)
  (net 33 CONFIG_IO2)
  (net 34 CONFIG_IO3)
  (net 35 DRAM_DQ15)
  (net 36 DRAM_DQ14)
  (net 37 DRAM_DQ13)
  (net 38 DRAM_DQ12)
  (net 39 DRAM_DQ11)
  (net 40 DRAM_DQ10)
  (net 41 DRAM_DQ9)
  (net 42 DRAM_DQ8)
  (net 43 DRAM_UDQM)
  (net 44 DRAM_CLK)
  (net 45 DRAM_CKE)
  (net 46 DRAM_A12)
  (net 47 DRAM_A11)
  (net 48 DRAM_A9)
  (net 49 DRAM_A8)
  (net 50 DRAM_A7)
  (net 51 DRAM_A6)
  (net 52 DRAM_A5)
  (net 53 DRAM_A4)
  (net 54 DRAM_A3)
  (net 55 DRAM_A2)
  (net 56 DRAM_A1)
  (net 57 DRAM_A0)
  (net 58 DRAM_A10)
  (net 59 DRAM_BA1)
  (net 60 DRAM_BA0)
  (net 61 DRAM_CSn)
  (net 62 DRAM_RASn)
  (net 63 DRAM_CASn)
  (net 64 DRAM_WEn)
  (net 65 DRAM_LDQM)
  (net 66 DRAM_DQ7)
  (net 67 DRAM_DQ6)
  (net 68 DRAM_DQ5)
  (net 69 DRAM_DQ4)
  (net 70 DRAM_DQ3)
  (net 71 DRAM_DQ2)
  (net 72 DRAM_DQ1)
  (net 73 DRAM_DQ0)
  (net 74 VCCGND0)
  (net 75 VCCPLL0)
  (net 76 VCCGND1)
  (net 77 VCCPLL1)
  (net 78 P3V3)
  (net 79 P1V2)
  (net 80 VCC2V5)
  (net 81 N64_AD15)
  (net 82 N64_AD0)
  (net 83 N64_AD14)
  (net 84 N64_AD1)
  (net 85 N64_AD13)
  (net 86 N64_AD2)
  (net 87 N64_AD12)
  (net 88 N64_AD3)
  (net 89 N64_WRITEn)
  (net 90 N64_ALE_L)
  (net 91 N64_READn)
  (net 92 N64_ALE_H)
  (net 93 N64_AD11)
  (net 94 N64_AD4)
  (net 95 N64_AD10)
  (net 96 N64_AD5)
  (net 97 N64_AD9)
  (net 98 N64_AD6)
  (net 99 N64_AD8)
  (net 100 N64_AD7)
  (net 101 N64_OS_EVENTn)
  (net 102 N64_COLD_RESETn)
  (net 103 N64_AD1_IC)
  (net 104 N64_AD14_IC)
  (net 105 N64_AD15_IC)
  (net 106 N64_AD0_IC)
  (net 107 N64_AD3_IC)
  (net 108 N64_AD12_IC)
  (net 109 N64_AD13_IC)
  (net 110 N64_AD2_IC)
  (net 111 N64_ALE_H_IC)
  (net 112 N64_READn_IC)
  (net 113 N64_WRITEn_IC)
  (net 114 N64_ALE_L_IC)
  (net 115 N64_AD5_IC)
  (net 116 N64_AD10_IC)
  (net 117 N64_AD11_IC)
  (net 118 N64_AD4_IC)
  (net 119 N64_AD7_IC)
  (net 120 N64_AD8_IC)
  (net 121 N64_AD9_IC)
  (net 122 N64_AD6_IC)
  (net 123 N64_COLD_RESETn_IC)
  (net 124 N64_OS_EVENTn_IC)
  (net 125 "Net-(U1-Pad47)")
  (net 126 "Net-(J5-Pad4)")
  (net 127 USB_D+)
  (net 128 USB_D-)
  (net 129 FIFO_RXFn)
  (net 130 FIFO_TXEn)
  (net 131 FIFO_WR)
  (net 132 FIFO_RDn)
  (net 133 FIFO_D3)
  (net 134 FIFO_D6)
  (net 135 FIFO_D5)
  (net 136 FIFO_D7)
  (net 137 FIFO_D1)
  (net 138 FIFO_D2)
  (net 139 FIFO_D4)
  (net 140 FIFO_D0)
  (net 141 USB_DETn)
  (net 142 USB_3V3)
  (net 143 N64_3V3)
  (net 144 "Net-(J6-Pad3)")
  (net 145 "Net-(U1-Pad88)")
  (net 146 "Net-(U1-Pad87)")
  (net 147 "Net-(D2-Pad1)")
  (net 148 "Net-(D2-Pad2)")
  (net 149 USB_5V)
  (net 150 "Net-(D3-Pad2)")
  (net 151 "Net-(D4-Pad2)")
  (net 152 "Net-(D5-Pad2)")
  (net 153 "Net-(D6-Pad2)")
  (net 154 LED_D3)
  (net 155 LED_D2)
  (net 156 LED_D1)
  (net 157 LED_D0)
  (net 158 CLK_50MHZ)
  (net 159 /Interface_USB/USB_VIO)
  (net 160 /Interface_USB/USB_VBUS)
  (net 161 /Interface_USB/USB_SHD)
  (net 162 /Interface_USB/USB_PWRENn)
  (net 163 "Net-(J3-Pad3)")
  (net 164 "Net-(J6-Pad29)")
  (net 165 "Net-(J6-Pad11)")
  (net 166 "Net-(J6-Pad10)")
  (net 167 "Net-(J6-Pad9)")
  (net 168 "Net-(J6-Pad8)")
  (net 169 "Net-(J6-Pad7)")
  (net 170 "Net-(J6-Pad4)")
  (net 171 "Net-(J6-Pad2)")
  (net 172 "Net-(J6-Pad1)")
  (net 173 "Net-(U4-Pad40)")
  (net 174 "Net-(U9-Pad28)")
  (net 175 "Net-(U9-Pad27)")
  (net 176 CONFIG_CRESETn)
  (net 177 FLASH_CRESETn)
  (net 178 "Net-(C2-Pad1)")
  (net 179 "Net-(C6-Pad1)")
  (net 180 SD_CD)
  (net 181 "Net-(RN9-Pad8)")
  (net 182 "Net-(RN9-Pad7)")
  (net 183 "Net-(RN9-Pad2)")
  (net 184 "Net-(RN9-Pad1)")
  (net 185 "Net-(U1-Pad99)")
  (net 186 xUSB_D+)
  (net 187 xUSB_D-)
  (net 188 "Net-(D7-Pad2)")

  (net_class Default "This is the default net class."
    (clearance 0.1524)
    (trace_width 0.1524)
    (via_dia 0.6)
    (via_drill 0.3)
    (uvia_dia 0.3)
    (uvia_drill 0.1)
    (add_net /Interface_USB/USB_PWRENn)
    (add_net /Interface_USB/USB_SHD)
    (add_net /Interface_USB/USB_VBUS)
    (add_net /Interface_USB/USB_VIO)
    (add_net CLK_50MHZ)
    (add_net CONFIG_CRESETn)
    (add_net CONFIG_IO2)
    (add_net CONFIG_IO3)
    (add_net CONFIG_MISO|IO1)
    (add_net CONFIG_MOSI|IO0)
    (add_net CONFIG_SCK)
    (add_net CONFIG_SSn)
    (add_net DRAM_A0)
    (add_net DRAM_A1)
    (add_net DRAM_A10)
    (add_net DRAM_A11)
    (add_net DRAM_A12)
    (add_net DRAM_A2)
    (add_net DRAM_A3)
    (add_net DRAM_A4)
    (add_net DRAM_A5)
    (add_net DRAM_A6)
    (add_net DRAM_A7)
    (add_net DRAM_A8)
    (add_net DRAM_A9)
    (add_net DRAM_BA0)
    (add_net DRAM_BA1)
    (add_net DRAM_CASn)
    (add_net DRAM_CKE)
    (add_net DRAM_CLK)
    (add_net DRAM_CSn)
    (add_net DRAM_DQ0)
    (add_net DRAM_DQ1)
    (add_net DRAM_DQ10)
    (add_net DRAM_DQ11)
    (add_net DRAM_DQ12)
    (add_net DRAM_DQ13)
    (add_net DRAM_DQ14)
    (add_net DRAM_DQ15)
    (add_net DRAM_DQ2)
    (add_net DRAM_DQ3)
    (add_net DRAM_DQ4)
    (add_net DRAM_DQ5)
    (add_net DRAM_DQ6)
    (add_net DRAM_DQ7)
    (add_net DRAM_DQ8)
    (add_net DRAM_DQ9)
    (add_net DRAM_LDQM)
    (add_net DRAM_RASn)
    (add_net DRAM_UDQM)
    (add_net DRAM_WEn)
    (add_net FIFO_D0)
    (add_net FIFO_D1)
    (add_net FIFO_D2)
    (add_net FIFO_D3)
    (add_net FIFO_D4)
    (add_net FIFO_D5)
    (add_net FIFO_D6)
    (add_net FIFO_D7)
    (add_net FIFO_RDn)
    (add_net FIFO_RXFn)
    (add_net FIFO_TXEn)
    (add_net FIFO_WR)
    (add_net FLASH_CRESETn)
    (add_net FLASH_IO2)
    (add_net FLASH_IO3)
    (add_net FLASH_MISO|IO1)
    (add_net FLASH_MOSI|IO0)
    (add_net FLASH_SCK)
    (add_net FLASH_SSn)
    (add_net FPGA_CDONE)
    (add_net FPGA_CRESETn)
    (add_net LED_D0)
    (add_net LED_D1)
    (add_net LED_D2)
    (add_net LED_D3)
    (add_net N64_3V3)
    (add_net N64_AD0)
    (add_net N64_AD0_IC)
    (add_net N64_AD1)
    (add_net N64_AD10)
    (add_net N64_AD10_IC)
    (add_net N64_AD11)
    (add_net N64_AD11_IC)
    (add_net N64_AD12)
    (add_net N64_AD12_IC)
    (add_net N64_AD13)
    (add_net N64_AD13_IC)
    (add_net N64_AD14)
    (add_net N64_AD14_IC)
    (add_net N64_AD15)
    (add_net N64_AD15_IC)
    (add_net N64_AD1_IC)
    (add_net N64_AD2)
    (add_net N64_AD2_IC)
    (add_net N64_AD3)
    (add_net N64_AD3_IC)
    (add_net N64_AD4)
    (add_net N64_AD4_IC)
    (add_net N64_AD5)
    (add_net N64_AD5_IC)
    (add_net N64_AD6)
    (add_net N64_AD6_IC)
    (add_net N64_AD7)
    (add_net N64_AD7_IC)
    (add_net N64_AD8)
    (add_net N64_AD8_IC)
    (add_net N64_AD9)
    (add_net N64_AD9_IC)
    (add_net N64_ALE_H)
    (add_net N64_ALE_H_IC)
    (add_net N64_ALE_L)
    (add_net N64_ALE_L_IC)
    (add_net N64_COLD_RESETn)
    (add_net N64_COLD_RESETn_IC)
    (add_net N64_OS_EVENTn)
    (add_net N64_OS_EVENTn_IC)
    (add_net N64_READn)
    (add_net N64_READn_IC)
    (add_net N64_WRITEn)
    (add_net N64_WRITEn_IC)
    (add_net "Net-(C2-Pad1)")
    (add_net "Net-(C6-Pad1)")
    (add_net "Net-(D2-Pad1)")
    (add_net "Net-(D2-Pad2)")
    (add_net "Net-(D3-Pad2)")
    (add_net "Net-(D4-Pad2)")
    (add_net "Net-(D5-Pad2)")
    (add_net "Net-(D6-Pad2)")
    (add_net "Net-(D7-Pad2)")
    (add_net "Net-(J3-Pad3)")
    (add_net "Net-(J5-Pad4)")
    (add_net "Net-(J6-Pad1)")
    (add_net "Net-(J6-Pad10)")
    (add_net "Net-(J6-Pad11)")
    (add_net "Net-(J6-Pad2)")
    (add_net "Net-(J6-Pad29)")
    (add_net "Net-(J6-Pad3)")
    (add_net "Net-(J6-Pad4)")
    (add_net "Net-(J6-Pad7)")
    (add_net "Net-(J6-Pad8)")
    (add_net "Net-(J6-Pad9)")
    (add_net "Net-(RN9-Pad1)")
    (add_net "Net-(RN9-Pad2)")
    (add_net "Net-(RN9-Pad7)")
    (add_net "Net-(RN9-Pad8)")
    (add_net "Net-(U1-Pad109)")
    (add_net "Net-(U1-Pad133)")
    (add_net "Net-(U1-Pad35)")
    (add_net "Net-(U1-Pad36)")
    (add_net "Net-(U1-Pad44)")
    (add_net "Net-(U1-Pad45)")
    (add_net "Net-(U1-Pad47)")
    (add_net "Net-(U1-Pad50)")
    (add_net "Net-(U1-Pad51)")
    (add_net "Net-(U1-Pad58)")
    (add_net "Net-(U1-Pad63)")
    (add_net "Net-(U1-Pad64)")
    (add_net "Net-(U1-Pad77)")
    (add_net "Net-(U1-Pad85)")
    (add_net "Net-(U1-Pad87)")
    (add_net "Net-(U1-Pad88)")
    (add_net "Net-(U1-Pad99)")
    (add_net "Net-(U4-Pad40)")
    (add_net "Net-(U9-Pad27)")
    (add_net "Net-(U9-Pad28)")
    (add_net P1V2)
    (add_net P3V3)
    (add_net SD_CD)
    (add_net SD_CLK)
    (add_net SD_CMD)
    (add_net SD_DAT0)
    (add_net SD_DAT1)
    (add_net SD_DAT2)
    (add_net SD_DAT3)
    (add_net USB_3V3)
    (add_net USB_5V)
    (add_net USB_DETn)
  )

  (net_class FPGA_VCC ""
    (clearance 0.1524)
    (trace_width 0.254)
    (via_dia 0.45)
    (via_drill 0.3)
    (uvia_dia 0.3)
    (uvia_drill 0.1)
    (add_net VCC2V5)
    (add_net VCCGND0)
    (add_net VCCGND1)
    (add_net VCCPLL0)
    (add_net VCCPLL1)
  )

  (net_class GND ""
    (clearance 0.1524)
    (trace_width 0.254)
    (via_dia 0.6)
    (via_drill 0.3)
    (uvia_dia 0.3)
    (uvia_drill 0.1)
    (add_net GND)
  )

  (net_class USBD ""
    (clearance 0.1524)
    (trace_width 0.1524)
    (via_dia 0.45)
    (via_drill 0.3)
    (uvia_dia 0.3)
    (uvia_drill 0.1)
    (diff_pair_width 0.1524)
    (diff_pair_gap 0.1524)
    (add_net USB_D+)
    (add_net USB_D-)
    (add_net xUSB_D+)
    (add_net xUSB_D-)
  )

  (module Resistor_SMD:R_0603_1608Metric (layer B.Cu) (tedit 5B301BBD) (tstamp 5F038A87)
    (at 178.35 82.6 180)
    (descr "Resistor SMD 0603 (1608 Metric), square (rectangular) end terminal, IPC_7351 nominal, (Body size source: http://www.tortai-tech.com/upload/download/2011102023233369053.pdf), generated with kicad-footprint-generator")
    (tags resistor)
    (path /5F90C399/5F0B9493)
    (attr smd)
    (fp_text reference R13 (at 0 1.43) (layer B.SilkS) hide
      (effects (font (size 1 1) (thickness 0.15)) (justify mirror))
    )
    (fp_text value 1k (at 0 -1.43) (layer B.Fab)
      (effects (font (size 1 1) (thickness 0.15)) (justify mirror))
    )
    (fp_text user %R (at 0 0) (layer B.Fab)
      (effects (font (size 0.4 0.4) (thickness 0.06)) (justify mirror))
    )
    (fp_line (start 1.48 -0.73) (end -1.48 -0.73) (layer B.CrtYd) (width 0.05))
    (fp_line (start 1.48 0.73) (end 1.48 -0.73) (layer B.CrtYd) (width 0.05))
    (fp_line (start -1.48 0.73) (end 1.48 0.73) (layer B.CrtYd) (width 0.05))
    (fp_line (start -1.48 -0.73) (end -1.48 0.73) (layer B.CrtYd) (width 0.05))
    (fp_line (start -0.162779 -0.51) (end 0.162779 -0.51) (layer B.SilkS) (width 0.12))
    (fp_line (start -0.162779 0.51) (end 0.162779 0.51) (layer B.SilkS) (width 0.12))
    (fp_line (start 0.8 -0.4) (end -0.8 -0.4) (layer B.Fab) (width 0.1))
    (fp_line (start 0.8 0.4) (end 0.8 -0.4) (layer B.Fab) (width 0.1))
    (fp_line (start -0.8 0.4) (end 0.8 0.4) (layer B.Fab) (width 0.1))
    (fp_line (start -0.8 -0.4) (end -0.8 0.4) (layer B.Fab) (width 0.1))
    (pad 2 smd roundrect (at 0.7875 0 180) (size 0.875 0.95) (layers B.Cu B.Paste B.Mask) (roundrect_rratio 0.25)
      (net 188 "Net-(D7-Pad2)"))
    (pad 1 smd roundrect (at -0.7875 0 180) (size 0.875 0.95) (layers B.Cu B.Paste B.Mask) (roundrect_rratio 0.25)
      (net 78 P3V3))
    (model ${KISYS3DMOD}/Resistor_SMD.3dshapes/R_0603_1608Metric.wrl
      (at (xyz 0 0 0))
      (scale (xyz 1 1 1))
      (rotate (xyz 0 0 0))
    )
  )

  (module LED_SMD:LED_0603_1608Metric (layer F.Cu) (tedit 5B301BBE) (tstamp 5F0385E0)
    (at 178.35 82.6 180)
    (descr "LED SMD 0603 (1608 Metric), square (rectangular) end terminal, IPC_7351 nominal, (Body size source: http://www.tortai-tech.com/upload/download/2011102023233369053.pdf), generated with kicad-footprint-generator")
    (tags diode)
    (path /5F90C399/5F0B949E)
    (attr smd)
    (fp_text reference D7 (at 0 -1.43) (layer F.SilkS) hide
      (effects (font (size 1 1) (thickness 0.15)))
    )
    (fp_text value Green (at 0 1.43) (layer F.Fab)
      (effects (font (size 1 1) (thickness 0.15)))
    )
    (fp_text user %R (at 0 0) (layer F.Fab)
      (effects (font (size 0.4 0.4) (thickness 0.06)))
    )
    (fp_line (start 1.48 0.73) (end -1.48 0.73) (layer F.CrtYd) (width 0.05))
    (fp_line (start 1.48 -0.73) (end 1.48 0.73) (layer F.CrtYd) (width 0.05))
    (fp_line (start -1.48 -0.73) (end 1.48 -0.73) (layer F.CrtYd) (width 0.05))
    (fp_line (start -1.48 0.73) (end -1.48 -0.73) (layer F.CrtYd) (width 0.05))
    (fp_line (start -1.485 0.735) (end 0.8 0.735) (layer F.SilkS) (width 0.12))
    (fp_line (start -1.485 -0.735) (end -1.485 0.735) (layer F.SilkS) (width 0.12))
    (fp_line (start 0.8 -0.735) (end -1.485 -0.735) (layer F.SilkS) (width 0.12))
    (fp_line (start 0.8 0.4) (end 0.8 -0.4) (layer F.Fab) (width 0.1))
    (fp_line (start -0.8 0.4) (end 0.8 0.4) (layer F.Fab) (width 0.1))
    (fp_line (start -0.8 -0.1) (end -0.8 0.4) (layer F.Fab) (width 0.1))
    (fp_line (start -0.5 -0.4) (end -0.8 -0.1) (layer F.Fab) (width 0.1))
    (fp_line (start 0.8 -0.4) (end -0.5 -0.4) (layer F.Fab) (width 0.1))
    (pad 2 smd roundrect (at 0.7875 0 180) (size 0.875 0.95) (layers F.Cu F.Paste F.Mask) (roundrect_rratio 0.25)
      (net 188 "Net-(D7-Pad2)"))
    (pad 1 smd roundrect (at -0.7875 0 180) (size 0.875 0.95) (layers F.Cu F.Paste F.Mask) (roundrect_rratio 0.25)
      (net 14 GND))
    (model ${KISYS3DMOD}/LED_SMD.3dshapes/LED_0603_1608Metric.wrl
      (at (xyz 0 0 0))
      (scale (xyz 1 1 1))
      (rotate (xyz 0 0 0))
    )
  )

  (module Package_TO_SOT_SMD:SOT-23-6 (layer F.Cu) (tedit 5A02FF57) (tstamp 5F0250DA)
    (at 141 76.4 270)
    (descr "6-pin SOT-23 package")
    (tags SOT-23-6)
    (path /5F302051/5F06782E)
    (attr smd)
    (fp_text reference U11 (at 0 -2.9 90) (layer F.SilkS) hide
      (effects (font (size 1 1) (thickness 0.15)))
    )
    (fp_text value USBLC6-2SC6 (at 0 2.9 90) (layer F.Fab)
      (effects (font (size 1 1) (thickness 0.15)))
    )
    (fp_line (start 0.9 -1.55) (end 0.9 1.55) (layer F.Fab) (width 0.1))
    (fp_line (start 0.9 1.55) (end -0.9 1.55) (layer F.Fab) (width 0.1))
    (fp_line (start -0.9 -0.9) (end -0.9 1.55) (layer F.Fab) (width 0.1))
    (fp_line (start 0.9 -1.55) (end -0.25 -1.55) (layer F.Fab) (width 0.1))
    (fp_line (start -0.9 -0.9) (end -0.25 -1.55) (layer F.Fab) (width 0.1))
    (fp_line (start -1.9 -1.8) (end -1.9 1.8) (layer F.CrtYd) (width 0.05))
    (fp_line (start -1.9 1.8) (end 1.9 1.8) (layer F.CrtYd) (width 0.05))
    (fp_line (start 1.9 1.8) (end 1.9 -1.8) (layer F.CrtYd) (width 0.05))
    (fp_line (start 1.9 -1.8) (end -1.9 -1.8) (layer F.CrtYd) (width 0.05))
    (fp_line (start 0.9 -1.61) (end -1.55 -1.61) (layer F.SilkS) (width 0.12))
    (fp_line (start -0.9 1.61) (end 0.9 1.61) (layer F.SilkS) (width 0.12))
    (fp_text user %R (at 0 0) (layer F.Fab)
      (effects (font (size 0.5 0.5) (thickness 0.075)))
    )
    (pad 5 smd rect (at 1.1 0 270) (size 1.06 0.65) (layers F.Cu F.Paste F.Mask)
      (net 160 /Interface_USB/USB_VBUS))
    (pad 6 smd rect (at 1.1 -0.95 270) (size 1.06 0.65) (layers F.Cu F.Paste F.Mask)
      (net 128 USB_D-))
    (pad 4 smd rect (at 1.1 0.95 270) (size 1.06 0.65) (layers F.Cu F.Paste F.Mask)
      (net 127 USB_D+))
    (pad 3 smd rect (at -1.1 0.95 270) (size 1.06 0.65) (layers F.Cu F.Paste F.Mask)
      (net 186 xUSB_D+))
    (pad 2 smd rect (at -1.1 0 270) (size 1.06 0.65) (layers F.Cu F.Paste F.Mask)
      (net 14 GND))
    (pad 1 smd rect (at -1.1 -0.95 270) (size 1.06 0.65) (layers F.Cu F.Paste F.Mask)
      (net 187 xUSB_D-))
    (model ${KISYS3DMOD}/Package_TO_SOT_SMD.3dshapes/SOT-23-6.wrl
      (at (xyz 0 0 0))
      (scale (xyz 1 1 1))
      (rotate (xyz 0 0 0))
    )
  )

  (module Capacitor_SMD:C_0603_1608Metric (layer F.Cu) (tedit 5B301BBE) (tstamp 5F030321)
    (at 144.3 78.3)
    (descr "Capacitor SMD 0603 (1608 Metric), square (rectangular) end terminal, IPC_7351 nominal, (Body size source: http://www.tortai-tech.com/upload/download/2011102023233369053.pdf), generated with kicad-footprint-generator")
    (tags capacitor)
    (path /5F302051/5F099C98)
    (attr smd)
    (fp_text reference C48 (at 0 -1.43) (layer F.SilkS) hide
      (effects (font (size 1 1) (thickness 0.15)))
    )
    (fp_text value 100n (at 0 1.43) (layer F.Fab)
      (effects (font (size 1 1) (thickness 0.15)))
    )
    (fp_text user %R (at 0 0) (layer F.Fab)
      (effects (font (size 0.4 0.4) (thickness 0.06)))
    )
    (fp_line (start 1.48 0.73) (end -1.48 0.73) (layer F.CrtYd) (width 0.05))
    (fp_line (start 1.48 -0.73) (end 1.48 0.73) (layer F.CrtYd) (width 0.05))
    (fp_line (start -1.48 -0.73) (end 1.48 -0.73) (layer F.CrtYd) (width 0.05))
    (fp_line (start -1.48 0.73) (end -1.48 -0.73) (layer F.CrtYd) (width 0.05))
    (fp_line (start -0.162779 0.51) (end 0.162779 0.51) (layer F.SilkS) (width 0.12))
    (fp_line (start -0.162779 -0.51) (end 0.162779 -0.51) (layer F.SilkS) (width 0.12))
    (fp_line (start 0.8 0.4) (end -0.8 0.4) (layer F.Fab) (width 0.1))
    (fp_line (start 0.8 -0.4) (end 0.8 0.4) (layer F.Fab) (width 0.1))
    (fp_line (start -0.8 -0.4) (end 0.8 -0.4) (layer F.Fab) (width 0.1))
    (fp_line (start -0.8 0.4) (end -0.8 -0.4) (layer F.Fab) (width 0.1))
    (pad 2 smd roundrect (at 0.7875 0) (size 0.875 0.95) (layers F.Cu F.Paste F.Mask) (roundrect_rratio 0.25)
      (net 14 GND))
    (pad 1 smd roundrect (at -0.7875 0) (size 0.875 0.95) (layers F.Cu F.Paste F.Mask) (roundrect_rratio 0.25)
      (net 149 USB_5V))
    (model ${KISYS3DMOD}/Capacitor_SMD.3dshapes/C_0603_1608Metric.wrl
      (at (xyz 0 0 0))
      (scale (xyz 1 1 1))
      (rotate (xyz 0 0 0))
    )
  )

  (module Capacitor_SMD:C_0603_1608Metric (layer B.Cu) (tedit 5B301BBE) (tstamp 5EFE89FE)
    (at 166.05 105.75 270)
    (descr "Capacitor SMD 0603 (1608 Metric), square (rectangular) end terminal, IPC_7351 nominal, (Body size source: http://www.tortai-tech.com/upload/download/2011102023233369053.pdf), generated with kicad-footprint-generator")
    (tags capacitor)
    (path /5F35C9AC/5EFEE803)
    (attr smd)
    (fp_text reference C46 (at 0 1.43 90) (layer B.SilkS) hide
      (effects (font (size 1 1) (thickness 0.15)) (justify mirror))
    )
    (fp_text value 1u (at 0 -1.43 90) (layer B.Fab)
      (effects (font (size 1 1) (thickness 0.15)) (justify mirror))
    )
    (fp_text user %R (at 0 0 90) (layer B.Fab)
      (effects (font (size 0.4 0.4) (thickness 0.06)) (justify mirror))
    )
    (fp_line (start 1.48 -0.73) (end -1.48 -0.73) (layer B.CrtYd) (width 0.05))
    (fp_line (start 1.48 0.73) (end 1.48 -0.73) (layer B.CrtYd) (width 0.05))
    (fp_line (start -1.48 0.73) (end 1.48 0.73) (layer B.CrtYd) (width 0.05))
    (fp_line (start -1.48 -0.73) (end -1.48 0.73) (layer B.CrtYd) (width 0.05))
    (fp_line (start -0.162779 -0.51) (end 0.162779 -0.51) (layer B.SilkS) (width 0.12))
    (fp_line (start -0.162779 0.51) (end 0.162779 0.51) (layer B.SilkS) (width 0.12))
    (fp_line (start 0.8 -0.4) (end -0.8 -0.4) (layer B.Fab) (width 0.1))
    (fp_line (start 0.8 0.4) (end 0.8 -0.4) (layer B.Fab) (width 0.1))
    (fp_line (start -0.8 0.4) (end 0.8 0.4) (layer B.Fab) (width 0.1))
    (fp_line (start -0.8 -0.4) (end -0.8 0.4) (layer B.Fab) (width 0.1))
    (pad 2 smd roundrect (at 0.7875 0 270) (size 0.875 0.95) (layers B.Cu B.Paste B.Mask) (roundrect_rratio 0.25)
      (net 14 GND))
    (pad 1 smd roundrect (at -0.7875 0 270) (size 0.875 0.95) (layers B.Cu B.Paste B.Mask) (roundrect_rratio 0.25)
      (net 78 P3V3))
    (model ${KISYS3DMOD}/Capacitor_SMD.3dshapes/C_0603_1608Metric.wrl
      (at (xyz 0 0 0))
      (scale (xyz 1 1 1))
      (rotate (xyz 0 0 0))
    )
  )

  (module Capacitor_SMD:C_0603_1608Metric (layer B.Cu) (tedit 5B301BBE) (tstamp 5EFE8419)
    (at 167.55 105.75 270)
    (descr "Capacitor SMD 0603 (1608 Metric), square (rectangular) end terminal, IPC_7351 nominal, (Body size source: http://www.tortai-tech.com/upload/download/2011102023233369053.pdf), generated with kicad-footprint-generator")
    (tags capacitor)
    (path /5F35C9AC/5EFF8E58)
    (attr smd)
    (fp_text reference C47 (at 0 1.43 90) (layer B.SilkS) hide
      (effects (font (size 1 1) (thickness 0.15)) (justify mirror))
    )
    (fp_text value 10n (at 0 -1.43 90) (layer B.Fab)
      (effects (font (size 1 1) (thickness 0.15)) (justify mirror))
    )
    (fp_text user %R (at 0 0 90) (layer B.Fab)
      (effects (font (size 0.4 0.4) (thickness 0.06)) (justify mirror))
    )
    (fp_line (start 1.48 -0.73) (end -1.48 -0.73) (layer B.CrtYd) (width 0.05))
    (fp_line (start 1.48 0.73) (end 1.48 -0.73) (layer B.CrtYd) (width 0.05))
    (fp_line (start -1.48 0.73) (end 1.48 0.73) (layer B.CrtYd) (width 0.05))
    (fp_line (start -1.48 -0.73) (end -1.48 0.73) (layer B.CrtYd) (width 0.05))
    (fp_line (start -0.162779 -0.51) (end 0.162779 -0.51) (layer B.SilkS) (width 0.12))
    (fp_line (start -0.162779 0.51) (end 0.162779 0.51) (layer B.SilkS) (width 0.12))
    (fp_line (start 0.8 -0.4) (end -0.8 -0.4) (layer B.Fab) (width 0.1))
    (fp_line (start 0.8 0.4) (end 0.8 -0.4) (layer B.Fab) (width 0.1))
    (fp_line (start -0.8 0.4) (end 0.8 0.4) (layer B.Fab) (width 0.1))
    (fp_line (start -0.8 -0.4) (end -0.8 0.4) (layer B.Fab) (width 0.1))
    (pad 2 smd roundrect (at 0.7875 0 270) (size 0.875 0.95) (layers B.Cu B.Paste B.Mask) (roundrect_rratio 0.25)
      (net 14 GND))
    (pad 1 smd roundrect (at -0.7875 0 270) (size 0.875 0.95) (layers B.Cu B.Paste B.Mask) (roundrect_rratio 0.25)
      (net 78 P3V3))
    (model ${KISYS3DMOD}/Capacitor_SMD.3dshapes/C_0603_1608Metric.wrl
      (at (xyz 0 0 0))
      (scale (xyz 1 1 1))
      (rotate (xyz 0 0 0))
    )
  )

  (module Capacitor_SMD:C_0603_1608Metric (layer B.Cu) (tedit 5B301BBE) (tstamp 5EFE83E9)
    (at 165.5 95.3 270)
    (descr "Capacitor SMD 0603 (1608 Metric), square (rectangular) end terminal, IPC_7351 nominal, (Body size source: http://www.tortai-tech.com/upload/download/2011102023233369053.pdf), generated with kicad-footprint-generator")
    (tags capacitor)
    (path /5F35C9AC/5F003C81)
    (attr smd)
    (fp_text reference C45 (at 0 1.43 90) (layer B.SilkS) hide
      (effects (font (size 1 1) (thickness 0.15)) (justify mirror))
    )
    (fp_text value 10n (at 0 -1.43 90) (layer B.Fab)
      (effects (font (size 1 1) (thickness 0.15)) (justify mirror))
    )
    (fp_text user %R (at 0 0 90) (layer B.Fab)
      (effects (font (size 0.4 0.4) (thickness 0.06)) (justify mirror))
    )
    (fp_line (start 1.48 -0.73) (end -1.48 -0.73) (layer B.CrtYd) (width 0.05))
    (fp_line (start 1.48 0.73) (end 1.48 -0.73) (layer B.CrtYd) (width 0.05))
    (fp_line (start -1.48 0.73) (end 1.48 0.73) (layer B.CrtYd) (width 0.05))
    (fp_line (start -1.48 -0.73) (end -1.48 0.73) (layer B.CrtYd) (width 0.05))
    (fp_line (start -0.162779 -0.51) (end 0.162779 -0.51) (layer B.SilkS) (width 0.12))
    (fp_line (start -0.162779 0.51) (end 0.162779 0.51) (layer B.SilkS) (width 0.12))
    (fp_line (start 0.8 -0.4) (end -0.8 -0.4) (layer B.Fab) (width 0.1))
    (fp_line (start 0.8 0.4) (end 0.8 -0.4) (layer B.Fab) (width 0.1))
    (fp_line (start -0.8 0.4) (end 0.8 0.4) (layer B.Fab) (width 0.1))
    (fp_line (start -0.8 -0.4) (end -0.8 0.4) (layer B.Fab) (width 0.1))
    (pad 2 smd roundrect (at 0.7875 0 270) (size 0.875 0.95) (layers B.Cu B.Paste B.Mask) (roundrect_rratio 0.25)
      (net 14 GND))
    (pad 1 smd roundrect (at -0.7875 0 270) (size 0.875 0.95) (layers B.Cu B.Paste B.Mask) (roundrect_rratio 0.25)
      (net 79 P1V2))
    (model ${KISYS3DMOD}/Capacitor_SMD.3dshapes/C_0603_1608Metric.wrl
      (at (xyz 0 0 0))
      (scale (xyz 1 1 1))
      (rotate (xyz 0 0 0))
    )
  )

  (module Resistor_SMD:R_0603_1608Metric (layer B.Cu) (tedit 5B301BBD) (tstamp 5EFE83B9)
    (at 163.15 99.45)
    (descr "Resistor SMD 0603 (1608 Metric), square (rectangular) end terminal, IPC_7351 nominal, (Body size source: http://www.tortai-tech.com/upload/download/2011102023233369053.pdf), generated with kicad-footprint-generator")
    (tags resistor)
    (path /5F7F68FE/5EFCE0BE)
    (attr smd)
    (fp_text reference R12 (at 0 1.43) (layer B.SilkS) hide
      (effects (font (size 1 1) (thickness 0.15)) (justify mirror))
    )
    (fp_text value R047 (at 0 -1.43) (layer B.Fab)
      (effects (font (size 1 1) (thickness 0.15)) (justify mirror))
    )
    (fp_text user %R (at 0 0) (layer B.Fab)
      (effects (font (size 0.4 0.4) (thickness 0.06)) (justify mirror))
    )
    (fp_line (start 1.48 -0.73) (end -1.48 -0.73) (layer B.CrtYd) (width 0.05))
    (fp_line (start 1.48 0.73) (end 1.48 -0.73) (layer B.CrtYd) (width 0.05))
    (fp_line (start -1.48 0.73) (end 1.48 0.73) (layer B.CrtYd) (width 0.05))
    (fp_line (start -1.48 -0.73) (end -1.48 0.73) (layer B.CrtYd) (width 0.05))
    (fp_line (start -0.162779 -0.51) (end 0.162779 -0.51) (layer B.SilkS) (width 0.12))
    (fp_line (start -0.162779 0.51) (end 0.162779 0.51) (layer B.SilkS) (width 0.12))
    (fp_line (start 0.8 -0.4) (end -0.8 -0.4) (layer B.Fab) (width 0.1))
    (fp_line (start 0.8 0.4) (end 0.8 -0.4) (layer B.Fab) (width 0.1))
    (fp_line (start -0.8 0.4) (end 0.8 0.4) (layer B.Fab) (width 0.1))
    (fp_line (start -0.8 -0.4) (end -0.8 0.4) (layer B.Fab) (width 0.1))
    (pad 2 smd roundrect (at 0.7875 0) (size 0.875 0.95) (layers B.Cu B.Paste B.Mask) (roundrect_rratio 0.25)
      (net 179 "Net-(C6-Pad1)"))
    (pad 1 smd roundrect (at -0.7875 0) (size 0.875 0.95) (layers B.Cu B.Paste B.Mask) (roundrect_rratio 0.25)
      (net 79 P1V2))
    (model ${KISYS3DMOD}/Resistor_SMD.3dshapes/R_0603_1608Metric.wrl
      (at (xyz 0 0 0))
      (scale (xyz 1 1 1))
      (rotate (xyz 0 0 0))
    )
  )

  (module Resistor_SMD:R_0603_1608Metric (layer B.Cu) (tedit 5B301BBD) (tstamp 5EFC63F3)
    (at 127.45 76.05)
    (descr "Resistor SMD 0603 (1608 Metric), square (rectangular) end terminal, IPC_7351 nominal, (Body size source: http://www.tortai-tech.com/upload/download/2011102023233369053.pdf), generated with kicad-footprint-generator")
    (tags resistor)
    (path /5F7F68FE/5EFC737A)
    (attr smd)
    (fp_text reference R9 (at 0 1.43) (layer B.SilkS) hide
      (effects (font (size 1 1) (thickness 0.15)) (justify mirror))
    )
    (fp_text value R047 (at 0 -1.43) (layer B.Fab)
      (effects (font (size 1 1) (thickness 0.15)) (justify mirror))
    )
    (fp_text user %R (at 0 0) (layer B.Fab)
      (effects (font (size 0.4 0.4) (thickness 0.06)) (justify mirror))
    )
    (fp_line (start 1.48 -0.73) (end -1.48 -0.73) (layer B.CrtYd) (width 0.05))
    (fp_line (start 1.48 0.73) (end 1.48 -0.73) (layer B.CrtYd) (width 0.05))
    (fp_line (start -1.48 0.73) (end 1.48 0.73) (layer B.CrtYd) (width 0.05))
    (fp_line (start -1.48 -0.73) (end -1.48 0.73) (layer B.CrtYd) (width 0.05))
    (fp_line (start -0.162779 -0.51) (end 0.162779 -0.51) (layer B.SilkS) (width 0.12))
    (fp_line (start -0.162779 0.51) (end 0.162779 0.51) (layer B.SilkS) (width 0.12))
    (fp_line (start 0.8 -0.4) (end -0.8 -0.4) (layer B.Fab) (width 0.1))
    (fp_line (start 0.8 0.4) (end 0.8 -0.4) (layer B.Fab) (width 0.1))
    (fp_line (start -0.8 0.4) (end 0.8 0.4) (layer B.Fab) (width 0.1))
    (fp_line (start -0.8 -0.4) (end -0.8 0.4) (layer B.Fab) (width 0.1))
    (pad 2 smd roundrect (at 0.7875 0) (size 0.875 0.95) (layers B.Cu B.Paste B.Mask) (roundrect_rratio 0.25)
      (net 178 "Net-(C2-Pad1)"))
    (pad 1 smd roundrect (at -0.7875 0) (size 0.875 0.95) (layers B.Cu B.Paste B.Mask) (roundrect_rratio 0.25)
      (net 142 USB_3V3))
    (model ${KISYS3DMOD}/Resistor_SMD.3dshapes/R_0603_1608Metric.wrl
      (at (xyz 0 0 0))
      (scale (xyz 1 1 1))
      (rotate (xyz 0 0 0))
    )
  )

  (module ng_conn:MicroSD_Molex_1040310811 (layer F.Cu) (tedit 5EFBD420) (tstamp 5EFEE151)
    (at 137 86.3 270)
    (path /5F8F01DB/5F8FA3B4)
    (fp_text reference J2 (at 0 -12.192 90) (layer F.SilkS) hide
      (effects (font (size 1 1) (thickness 0.15)))
    )
    (fp_text value MicroSD_Molex_1040310811 (at -0.1 -13.716 90) (layer F.Fab)
      (effects (font (size 1 1) (thickness 0.15)))
    )
    (fp_line (start -6.604 5.08) (end -6.604 -11.938) (layer F.CrtYd) (width 0.05))
    (fp_line (start 6.604 5.08) (end -6.604 5.08) (layer F.CrtYd) (width 0.05))
    (fp_line (start 6.604 -11.938) (end 6.604 5.08) (layer F.CrtYd) (width 0.05))
    (fp_line (start -6.604 -11.938) (end 6.604 -11.938) (layer F.CrtYd) (width 0.05))
    (fp_line (start -6 4.4) (end -6 0.4) (layer F.Fab) (width 0.15))
    (fp_line (start 6 4.4) (end -6 4.4) (layer F.Fab) (width 0.15))
    (fp_line (start 6 0.4) (end 6 4.4) (layer F.Fab) (width 0.15))
    (fp_line (start 6 -5.4) (end 6 -1) (layer F.SilkS) (width 0.15))
    (fp_line (start 6 -9) (end 6 -7) (layer F.SilkS) (width 0.15))
    (fp_line (start 6 -11.2) (end 6 -10.8) (layer F.SilkS) (width 0.15))
    (fp_line (start 3.4 -11.2) (end 6 -11.2) (layer F.SilkS) (width 0.15))
    (fp_line (start -2.4 -11.2) (end 1 -11.2) (layer F.SilkS) (width 0.15))
    (fp_line (start -6 -11.2) (end -4.8 -11.2) (layer F.SilkS) (width 0.15))
    (fp_line (start -6 -1.6) (end -6 -11.2) (layer F.SilkS) (width 0.15))
    (pad MP smd rect (at -3.7 -10.9 270) (size 1.9 1.35) (layers F.Cu F.Paste F.Mask)
      (net 14 GND))
    (pad MP smd rect (at 2.2 -10.9 270) (size 1.9 1.35) (layers F.Cu F.Paste F.Mask)
      (net 14 GND))
    (pad 10 smd rect (at 5.7 -9.9 270) (size 1.2 1) (layers F.Cu F.Paste F.Mask)
      (net 14 GND))
    (pad 9 smd rect (at 5.7 -6.2 270) (size 1.2 1) (layers F.Cu F.Paste F.Mask)
      (net 180 SD_CD))
    (pad MP smd rect (at 5.5 -0.1 270) (size 1.55 1.35) (layers F.Cu F.Paste F.Mask)
      (net 14 GND))
    (pad MP smd rect (at -5.8 -0.35 270) (size 1.17 1.8) (layers F.Cu F.Paste F.Mask)
      (net 14 GND))
    (pad 8 smd rect (at -4.595 0 270) (size 0.75 1.1) (layers F.Cu F.Paste F.Mask)
      (net 20 SD_DAT1))
    (pad 7 smd rect (at -3.495 0 270) (size 0.75 1.1) (layers F.Cu F.Paste F.Mask)
      (net 15 SD_DAT0))
    (pad 6 smd rect (at -2.395 0 270) (size 0.75 1.1) (layers F.Cu F.Paste F.Mask)
      (net 14 GND))
    (pad 5 smd rect (at -1.295 0 270) (size 0.75 1.1) (layers F.Cu F.Paste F.Mask)
      (net 16 SD_CLK))
    (pad 4 smd rect (at -0.195 0 270) (size 0.75 1.1) (layers F.Cu F.Paste F.Mask)
      (net 78 P3V3))
    (pad 3 smd rect (at 0.905 0 270) (size 0.75 1.1) (layers F.Cu F.Paste F.Mask)
      (net 17 SD_CMD))
    (pad 2 smd rect (at 2.005 0 270) (size 0.75 1.1) (layers F.Cu F.Paste F.Mask)
      (net 18 SD_DAT3))
    (pad 1 smd rect (at 3.105 0 270) (size 0.75 1.1) (layers F.Cu F.Paste F.Mask)
      (net 19 SD_DAT2))
    (model ${KIPRJMOD}/models/ng_conn.3dshapes/MicroSD_Molex_1040310811.step
      (at (xyz 0 0 0))
      (scale (xyz 1 1 1))
      (rotate (xyz 0 0 0))
    )
  )

  (module Resistor_SMD:R_0603_1608Metric (layer B.Cu) (tedit 5B301BBD) (tstamp 5EFDDA84)
    (at 140.6 87.6)
    (descr "Resistor SMD 0603 (1608 Metric), square (rectangular) end terminal, IPC_7351 nominal, (Body size source: http://www.tortai-tech.com/upload/download/2011102023233369053.pdf), generated with kicad-footprint-generator")
    (tags resistor)
    (path /5F8F01DB/5EFEABF6)
    (attr smd)
    (fp_text reference R8 (at 0 1.43 180) (layer B.SilkS) hide
      (effects (font (size 1 1) (thickness 0.15)) (justify mirror))
    )
    (fp_text value 10k (at 0 -1.43 180) (layer B.Fab)
      (effects (font (size 1 1) (thickness 0.15)) (justify mirror))
    )
    (fp_text user %R (at 0 0 180) (layer B.Fab)
      (effects (font (size 0.4 0.4) (thickness 0.06)) (justify mirror))
    )
    (fp_line (start 1.48 -0.73) (end -1.48 -0.73) (layer B.CrtYd) (width 0.05))
    (fp_line (start 1.48 0.73) (end 1.48 -0.73) (layer B.CrtYd) (width 0.05))
    (fp_line (start -1.48 0.73) (end 1.48 0.73) (layer B.CrtYd) (width 0.05))
    (fp_line (start -1.48 -0.73) (end -1.48 0.73) (layer B.CrtYd) (width 0.05))
    (fp_line (start -0.162779 -0.51) (end 0.162779 -0.51) (layer B.SilkS) (width 0.12))
    (fp_line (start -0.162779 0.51) (end 0.162779 0.51) (layer B.SilkS) (width 0.12))
    (fp_line (start 0.8 -0.4) (end -0.8 -0.4) (layer B.Fab) (width 0.1))
    (fp_line (start 0.8 0.4) (end 0.8 -0.4) (layer B.Fab) (width 0.1))
    (fp_line (start -0.8 0.4) (end 0.8 0.4) (layer B.Fab) (width 0.1))
    (fp_line (start -0.8 -0.4) (end -0.8 0.4) (layer B.Fab) (width 0.1))
    (pad 2 smd roundrect (at 0.7875 0) (size 0.875 0.95) (layers B.Cu B.Paste B.Mask) (roundrect_rratio 0.25)
      (net 180 SD_CD))
    (pad 1 smd roundrect (at -0.7875 0) (size 0.875 0.95) (layers B.Cu B.Paste B.Mask) (roundrect_rratio 0.25)
      (net 78 P3V3))
    (model ${KISYS3DMOD}/Resistor_SMD.3dshapes/R_0603_1608Metric.wrl
      (at (xyz 0 0 0))
      (scale (xyz 1 1 1))
      (rotate (xyz 0 0 0))
    )
  )

  (module Diode_SMD:D_SOD-123F (layer B.Cu) (tedit 587F7769) (tstamp 5EFE8451)
    (at 154.05 95.95 270)
    (descr D_SOD-123F)
    (tags D_SOD-123F)
    (path /5F35C9AC/5F56D9B4)
    (attr smd)
    (fp_text reference D1 (at -0.127 1.905 90) (layer B.SilkS) hide
      (effects (font (size 1 1) (thickness 0.15)) (justify mirror))
    )
    (fp_text value ~~800mVf (at 0 -2.1 90) (layer B.Fab)
      (effects (font (size 1 1) (thickness 0.15)) (justify mirror))
    )
    (fp_line (start -2.2 1) (end 1.65 1) (layer B.SilkS) (width 0.12))
    (fp_line (start -2.2 -1) (end 1.65 -1) (layer B.SilkS) (width 0.12))
    (fp_line (start -2.2 1.15) (end -2.2 -1.15) (layer B.CrtYd) (width 0.05))
    (fp_line (start 2.2 -1.15) (end -2.2 -1.15) (layer B.CrtYd) (width 0.05))
    (fp_line (start 2.2 1.15) (end 2.2 -1.15) (layer B.CrtYd) (width 0.05))
    (fp_line (start -2.2 1.15) (end 2.2 1.15) (layer B.CrtYd) (width 0.05))
    (fp_line (start -1.4 0.9) (end 1.4 0.9) (layer B.Fab) (width 0.1))
    (fp_line (start 1.4 0.9) (end 1.4 -0.9) (layer B.Fab) (width 0.1))
    (fp_line (start 1.4 -0.9) (end -1.4 -0.9) (layer B.Fab) (width 0.1))
    (fp_line (start -1.4 -0.9) (end -1.4 0.9) (layer B.Fab) (width 0.1))
    (fp_line (start -0.75 0) (end -0.35 0) (layer B.Fab) (width 0.1))
    (fp_line (start -0.35 0) (end -0.35 0.55) (layer B.Fab) (width 0.1))
    (fp_line (start -0.35 0) (end -0.35 -0.55) (layer B.Fab) (width 0.1))
    (fp_line (start -0.35 0) (end 0.25 0.4) (layer B.Fab) (width 0.1))
    (fp_line (start 0.25 0.4) (end 0.25 -0.4) (layer B.Fab) (width 0.1))
    (fp_line (start 0.25 -0.4) (end -0.35 0) (layer B.Fab) (width 0.1))
    (fp_line (start 0.25 0) (end 0.75 0) (layer B.Fab) (width 0.1))
    (fp_line (start -2.2 1) (end -2.2 -1) (layer B.SilkS) (width 0.12))
    (fp_text user %R (at -0.127 1.905 90) (layer B.Fab)
      (effects (font (size 1 1) (thickness 0.15)) (justify mirror))
    )
    (pad 2 smd rect (at 1.4 0 270) (size 1.1 1.1) (layers B.Cu B.Paste B.Mask)
      (net 78 P3V3))
    (pad 1 smd rect (at -1.4 0 270) (size 1.1 1.1) (layers B.Cu B.Paste B.Mask)
      (net 80 VCC2V5))
    (model ${KISYS3DMOD}/Diode_SMD.3dshapes/D_SOD-123F.wrl
      (at (xyz 0 0 0))
      (scale (xyz 1 1 1))
      (rotate (xyz 0 0 0))
    )
  )

  (module Resistor_SMD:R_Array_Convex_4x0603 (layer B.Cu) (tedit 58E0A8B2) (tstamp 5EFBC18F)
    (at 160.1 76.202 180)
    (descr "Chip Resistor Network, ROHM MNR14 (see mnr_g.pdf)")
    (tags "resistor array")
    (path /5F5B53E5/5EFC6F2A)
    (attr smd)
    (fp_text reference RN10 (at 0 2.8) (layer B.SilkS) hide
      (effects (font (size 1 1) (thickness 0.15)) (justify mirror))
    )
    (fp_text value 10k (at 0 -2.8) (layer B.Fab)
      (effects (font (size 1 1) (thickness 0.15)) (justify mirror))
    )
    (fp_line (start 1.55 -1.85) (end -1.55 -1.85) (layer B.CrtYd) (width 0.05))
    (fp_line (start 1.55 -1.85) (end 1.55 1.85) (layer B.CrtYd) (width 0.05))
    (fp_line (start -1.55 1.85) (end -1.55 -1.85) (layer B.CrtYd) (width 0.05))
    (fp_line (start -1.55 1.85) (end 1.55 1.85) (layer B.CrtYd) (width 0.05))
    (fp_line (start 0.5 1.68) (end -0.5 1.68) (layer B.SilkS) (width 0.12))
    (fp_line (start 0.5 -1.68) (end -0.5 -1.68) (layer B.SilkS) (width 0.12))
    (fp_line (start -0.8 -1.6) (end -0.8 1.6) (layer B.Fab) (width 0.1))
    (fp_line (start 0.8 -1.6) (end -0.8 -1.6) (layer B.Fab) (width 0.1))
    (fp_line (start 0.8 1.6) (end 0.8 -1.6) (layer B.Fab) (width 0.1))
    (fp_line (start -0.8 1.6) (end 0.8 1.6) (layer B.Fab) (width 0.1))
    (fp_text user %R (at 0 0 270) (layer B.Fab)
      (effects (font (size 0.5 0.5) (thickness 0.075)) (justify mirror))
    )
    (pad 5 smd rect (at 0.9 -1.2 180) (size 0.8 0.5) (layers B.Cu B.Paste B.Mask)
      (net 78 P3V3))
    (pad 6 smd rect (at 0.9 -0.4 180) (size 0.8 0.4) (layers B.Cu B.Paste B.Mask)
      (net 78 P3V3))
    (pad 8 smd rect (at 0.9 1.2 180) (size 0.8 0.5) (layers B.Cu B.Paste B.Mask)
      (net 78 P3V3))
    (pad 7 smd rect (at 0.9 0.4 180) (size 0.8 0.4) (layers B.Cu B.Paste B.Mask)
      (net 78 P3V3))
    (pad 4 smd rect (at -0.9 -1.2 180) (size 0.8 0.5) (layers B.Cu B.Paste B.Mask)
      (net 22 FPGA_CRESETn))
    (pad 2 smd rect (at -0.9 0.4 180) (size 0.8 0.4) (layers B.Cu B.Paste B.Mask)
